100
4 2
5 2
6 2
1000 1000
1000 1
381 301
263 200
1000 379
999 256
276 210
3 1
358 285
500 256
999 127
4 1
999 499
2 1
495 401
562 464
1000 2
1000 489
500 1
640 484
999 511
1000 500
783 778
999 497
852 726
999 2
999 353
831 623
500 117
500 500
711 674
942 757
961 877
500 253
703 635
945 730
1000 512
1000 255
999 255
1000 498
655 586
832 698
716 679
1000 128
463 353
500 249
500 244
999 488
1000 488
969 751
500 245
500 127
950 787
759 619
708 572
1000 999
1000 499
1000 506
999 487
941 710
968 908
999 498
381 345
999 510
771 586
926 902
309 290
1000 511
2 2
999 998
456 406
500 128
5 1
999 1
379 376
999 512
500 183
378 320
565 456
999 999
500 255
500 116
540 430
760 751
500 250
883 782
500 2
1000 256
379 369
1 1
500 248
1000 127
763 688
824 766
999 128
3 2
500 499
