100
4 2
5 2
6 2
1000 1000
1000 1
999999 128
500000 127
500000 500000
999999 524288
250575 230718
269773 207683
999999 499999
1000000 512442
1000000 128
500000 131072
1000000 475713
3 2
790182 752097
718808 706446
713706 700550
500000 131071
500000 250000
450048 339599
1000000 524287
500000 262143
1000000 1
289959 273188
1000000 262143
815668 697922
1000000 1000000
999999 475711
1000000 499998
285655 265213
1000000 499999
500000 237856
994613 789013
999999 127
488259 430031
500000 249999
2 2
500000 181104
5 1
320383 315385
999999 262143
1000000 374946
394138 364381
500000 262144
2 1
500000 499999
999999 350998
1000000 2
436584 373035
968370 915069
999999 524287
500000 237857
500000 2
1000000 475712
844498 836747
4 1
1000000 500000
999999 2
676336 609897
818891 670881
999999 999999
1000000 262144
500000 1
543418 538208
923362 758637
999999 499998
424834 359945
330211 303968
500000 257221
412703 380509
267828 222869
984343 972699
1000000 999999
999999 499997
709299 562414
999999 521497
426872 338927
999999 1
928939 730383
479764 471048
281589 223402
518911 468892
393615 355951
999999 999998
1 1
3 1
980928 744558
558076 505683
1000000 524288
1000000 127
282938 250644
500000 128
500000 249998
999999 475712
684792 668588
999999 262144
740909 699966
